# nthreads     rate
      4         39.2
      4          2.0
      4          2.0
      4          3.0
      4          2.0
      4          2.0
      4          2.0
      4          1.0
      4          3.0
      4          1.0
      4          3.0
      4          1.0
      4          3.0
      4          2.0
      4          3.0
     12          2.0
     12          9.0
     12          3.0
     12          8.0
     12          5.0
     12          7.0
     12          7.0
     12          6.0
     12          6.0
     12          3.0
     12         10.0
     12          5.0
     12          8.0
     12          6.0
     12          5.0
     20          8.0
     20         11.0
     20         13.0
     20          8.0
     20         13.0
     20          8.0
     20         15.0
     20          5.0
     20         13.0
     20          9.0
     20         13.0
     20          8.0
     20         10.0
     20          9.0
     20          8.0
     28         11.0
     28         23.0
     28          7.0
     28         19.0
     28         13.0
     28         13.0
     28         16.0
     28         16.0
     28         13.0
     28         13.0
     28         17.0
     28         11.0
     28         16.0
     28         13.0
     28         18.0
     36         14.5
     36         21.0
     36         13.0
     36         23.0
     36         15.0
     36         24.0
     36         14.0
     36         22.0
     36         18.0
     36         18.0
     36         19.0
     36         17.0
     36         21.0
     36         16.0
     36         22.0
     44         17.0
     44         27.9
     44         18.0
     44         27.9
     44         16.0
     44         28.9
     44         20.0
     44         25.0
     44         21.0
     44         26.9
     44         24.0
     44         20.0
     44         23.0
     44         22.0
     44         21.0
     52         23.9
     52         27.9
     52         26.9
     52         26.9
     52         24.0
     52         29.9
     52         21.0
     52         33.9
     52         19.0
     52         33.9
     52         24.0
     52         29.9
     52         18.0
     52         32.9
     52         21.0
     60         26.9
     60         39.9
     60         25.0
     60         35.9
     60         25.0
     60         35.9
     60         24.0
     60         38.9
     60         28.9
     60         33.9
     60         27.9
     60         33.9
     60         35.9
     60         29.9
     60         32.9
     68         31.4
     68         35.9
     68         30.9
     68         40.9
     68         29.9
     68         41.9
     68         35.9
     68         33.9
     68         40.9
     68         25.9
     68         43.9
     68         29.9
     68         39.9
     68         29.9
     68         39.9
     76         36.9
     76         29.9
     76         43.9
     76         32.9
     76         42.9
     76         32.9
     76         41.9
     76         33.9
     76         36.9
     76         45.9
     76         31.9
     76         44.9
     76         31.9
     76         41.9
     76         32.9
     84         39.1
     84         41.9
     84         40.9
     84         31.9
     84         46.9
     84         40.9
     84         38.9
     84         32.9
     84         49.9
     84         35.9
     84         45.9
     84         39.9
     84         36.9
     84         39.9
     84         38.9
     92         40.9
     92         48.9
     92         40.9
     92         42.9
     92         40.9
     92         43.9
     92         42.9
     92         42.9
     92         49.9
     92         36.9
     92         46.9
     92         39.9
     92         41.9
     92         44.9
     92         47.9
    100         41.9
    100         44.9
    100         46.9
    100         44.9
    100         45.9
    100         41.9
    100         45.9
    100         43.9
    100         45.9
    100         43.9
    100         43.9
    100         45.9
    100         41.9
    100         46.9
    100         50.9
    108         41.9
    108         51.9
    108         47.9
    108         53.9
    108         43.9
    108         46.9
    108         43.9
    108         51.9
    108         40.9
    108         58.9
    108         42.9
    108         42.9
    108         56.9
    108         37.9
    108         57.9
    116         44.9
    116         53.9
    116         45.9
    116         55.9
    116         44.9
    116         52.9
    116         50.9
    116         45.9
    116         55.9
    116         41.9
    116         58.9
    116         49.9
    116         44.9
    116         56.9
    116         38.9
    124         55.8
    124         45.9
    124         55.9
    124         42.9
    124         68.8
    124         39.9
    124         60.9
    124         51.9
    124         47.9
    124         62.8
    124         35.9
    124         66.8
    124         44.9
    124         60.8
    124         47.9
    132         51.9
    132         56.9
    132         52.9
    132         56.9
    132         57.9
    132         55.9
    132         47.9
    132         59.9
    132         51.9
    132         58.9
    132         56.9
    132         47.9
    132         63.8
    132         46.9
    132         61.8
    140         51.0
    140         59.8
    140         58.9
    140         59.9
    140         53.9
    140         58.9
    140         54.9
    140         57.9
    140         60.9
    140         54.9
    140         64.8
    140         43.9
    140         54.9
    140         65.8
    140         47.9
    148         57.4
    148         57.8
    148         60.8
    148         52.8
    148         55.8
    148         53.8
    148         58.8
    148         60.8
    148         57.8
    148         59.8
    148         54.8
    148         61.8
    148         51.8
    148         63.8
    148         52.8
    156         59.3
    156         52.8
    156         58.8
    156         57.8
    156         60.8
    156         54.8
    156         59.8
    156         63.8
    156         48.8
    156         62.8
    156         59.8
    156         53.8
    156         59.8
    156         59.8
    156         68.8
    164         52.3
    164         58.8
    164         58.8
    164         61.8
    164         62.8
    164         58.8
    164         52.8
    164         65.8
    164         51.8
    164         65.8
    164         60.8
    164         46.8
    164         69.8
    164         56.8
    164         54.8
    172         59.3
    172         57.8
    172         71.8
    172         52.8
    172         57.8
    172         64.8
    172         59.8
    172         52.8
    172         65.8
    172         65.8
    172         48.8
    172         59.8
    172         66.8
    172         50.8
    172         70.7
    180         52.9
    180         62.8
    180         65.8
    180         52.8
    180         64.8
    180         61.8
    180         59.8
    180         69.8
    180         57.8
    180         54.8
    180         65.8
    180         61.8
    180         61.8
    180         46.8
    180         71.8
    188         57.8
    188         62.8
    188         66.8
    188         60.8
    188         51.8
    188         64.8
    188         69.8
    188         62.8
    188         62.8
    188         60.8
    188         58.8
    188         62.8
    188         54.8
    188         62.8
    188         63.8
    196         56.3
    196         69.8
    196         72.8
    196         41.9
    196         70.8
    196         58.8
    196         72.7
    196         55.8
    196         56.8
    196         64.8
    196         67.8
    196         53.8
    196         66.8
    196         67.8
    196         57.8
    204         63.3
    204         57.8
    204         66.8
    204         54.8
    204         63.8
    204         70.8
    204         56.8
    204         65.8
    204         65.8
    204         59.8
    204         72.8
    204         55.8
    204         61.8
    204         61.8
    204         79.7
    212         60.8
    212         62.8
    212         59.8
    212         44.8
    212         46.9
    212         64.8
    212         74.8
    212         62.8
    212         61.8
    212         60.8
    212         55.8
    212         60.8
    212         56.9
    212         76.8
    212         41.9
    220         61.3
    220         59.8
    220         67.8
    220         38.9
    220         62.8
    220         45.9
    220         41.9
    220         60.8
    220         60.8
    220         68.8
    220         63.8
    220         59.8
    220         64.8
    220         71.8
    220         62.8
    228         67.3
    228         49.9
    228         69.8
    228         60.8
    228         65.8
    228         58.8
    228         41.9
    228         76.8
    228         54.8
    228         61.8
    228         65.8
    228         59.8
    228         67.8
    228         63.8
    228         76.8
    236         52.3
    236         59.8
    236         63.8
    236         48.8
    236         46.9
    236         48.9
    236         60.8
    236         80.8
    236         72.8
    236         48.8
    236         71.8
    236         61.8
    236         62.8
    236         54.8
    236         42.9
    244         60.3
    244         51.8
    244         38.9
    244         61.8
    244         54.8
    244         55.8
    244         58.8
    244         44.8
    244         66.8
    244         55.8
    244         50.8
    244         54.8
    244         76.8
    244         58.8
    244         62.8
    252         40.9
    252         64.8
    252         31.9
    252         65.8
    252         42.9
    252         76.7
    252         55.8
    252         49.8
    252         62.8
    252         50.8
    252         54.8
    252         50.8
    252         45.8
    252         60.8
    252         62.8
    260         66.3
    260         48.8
    260         59.8
    260         55.8
    260         38.9
    260         50.8
    260         64.8
    260         60.8
    260         38.9
    260         56.8
    260         80.7
    260         77.7
    260         39.9
    260         66.8
    260         50.8
    268         47.9
    268         54.8
    268         65.8
    268         44.4
    268         71.7
    268         50.8
    268         46.8
    268         41.9
    268         54.8
    268         60.8
    268         81.8
    268         71.8
    268         63.8
    268         60.8
    268         54.8
