# nthreads     rate
      4         14.0
      4         16.0
      4         17.0
      4         15.0
      4         16.0
      4         16.0
      4         16.0
      4         14.0
      4         16.0
      4         16.0
      4         16.0
      4         17.0
      4         15.0
      4         14.0
      4         17.0
      8         28.0
      8         31.0
      8         30.0
      8         32.0
      8         28.0
      8         32.0
      8         33.0
      8         31.0
      8         32.0
      8         30.0
      8         31.0
      8         33.0
      8         30.0
      8         31.0
      8         31.0
     12         43.5
     12         47.0
     12         47.0
     12         48.0
     12         45.0
     12         47.0
     12         48.0
     12         43.0
     12         47.0
     12         47.0
     12         47.0
     12         49.0
     12         46.0
     12         46.0
     12         43.0
     16         60.0
     16         60.0
     16         62.0
     16         64.0
     16         64.0
     16         63.0
     16         60.0
     16         62.0
     16         63.0
     16         64.0
     16         60.0
     16         59.0
     16         59.0
     16         63.0
     16         62.0
     20         74.4
     20         79.0
     20         80.0
     20         74.0
     20         81.0
     20         77.0
     20         77.0
     20         75.0
     20         74.0
     20         78.0
     20         79.0
     20         82.0
     20         76.0
     20         79.0
     20         76.0
     24         88.9
     24         92.0
     24         94.0
     24         93.0
     24         93.0
     24         94.0
     24         91.0
     24         88.0
     24         93.0
     24         94.0
     24         95.0
     24         91.0
     24         95.0
     24         91.0
     24         93.0
     28        103.9
     28        110.9
     28        106.9
     28        109.9
     28        110.9
     28        108.0
     28        105.0
     28        112.0
     28        107.0
     28        107.0
     28        109.0
     28        110.0
     28        106.0
     28        107.0
     28        107.0
     32        122.9
     32        127.9
     32        121.9
     32        127.9
     32        119.9
     32        122.9
     32        128.9
     32        124.9
     32        125.9
     32        119.9
     32        123.9
     32        120.9
     32        124.9
     32        122.9
     32        123.9
     36        136.4
     36        136.9
     36        146.9
     36        135.9
     36        135.9
     36        131.9
     36        142.9
     36        139.9
     36        139.9
     36        136.9
     36        133.9
     36        142.9
     36        137.9
     36        138.9
     36        146.9
     40        152.9
     40        156.9
     40        152.9
     40        154.9
     40        158.9
     40        147.9
     40        158.9
     40        151.9
     40        153.9
     40        157.9
     40        151.9
     40        150.9
     40        155.9
     40        154.9
     40        151.9
     44        169.3
     44        166.9
     44        172.9
     44        172.9
     44        164.9
     44        169.9
     44        168.9
     44        170.9
     44        172.9
     44        168.9
     44        166.9
     44        170.9
     44        170.9
     44        169.9
     44        168.9
     48        182.3
     48        189.9
     48        181.9
     48        182.9
     48        188.9
     48        181.9
     48        184.9
     48        186.9
     48        179.9
     48        185.9
     48        184.9
     48        187.9
     48        184.9
     48        176.9
     48        188.9
     52        201.3
     52        202.8
     52        203.8
     52        196.8
     52        203.8
     52        204.8
     52        197.9
     52        197.8
     52        203.8
     52        203.8
     52        195.8
     52        203.8
     52        200.8
     52        195.8
     52        203.8
     56        215.8
     56        216.8
     56        214.8
     56        217.8
     56        207.8
     56        216.8
     56        219.8
     56        215.8
     56        214.8
     56        215.8
     56        213.8
     56        215.8
     56        214.8
     56        214.8
     56        216.8
     60        232.3
     60        231.8
     60        227.8
     60        228.8
     60        229.8
     60        236.8
     60        225.8
     60        232.8
     60        230.8
     60        236.8
     60        237.8
     60        229.8
     60        230.8
     60        236.8
     60        227.8
     64        241.7
     64        252.8
     64        244.8
     64        246.8
     64        250.8
     64        251.8
     64        242.8
     64        248.8
     64        244.8
     64        253.8
     64        246.8
     64        248.8
     64        245.8
     64        250.8
     64        252.8
     68        253.7
     68        256.7
     68        263.7
     68        269.7
     68        259.8
     68        260.8
     68        267.8
     68        261.8
     68        259.8
     68        258.8
     68        269.8
     68        261.8
     68        263.8
     68        262.8
     68        260.8
     72        272.1
     72        281.6
     72        276.6
     72        279.6
     72        273.6
     72        273.6
     72        279.6
     72        278.6
     72        271.6
     72        276.6
     72        279.5
     72        282.5
     72        268.5
     72        281.5
     72        276.6
     76        290.3
     76        294.7
     76        290.6
     76        293.7
     76        294.7
     76        295.7
     76        288.7
     76        285.7
     76        294.7
     76        286.7
     76        297.6
     76        290.7
     76        285.7
     76        293.7
     76        293.7
     80        304.1
     80        307.7
     80        312.7
     80        305.7
     80        307.7
     80        305.7
     80        301.7
     80        307.7
     80        310.7
     80        311.7
     80        310.7
     80        306.7
     80        304.7
     80        309.7
     80        311.7
     84        314.6
     84        324.6
     84        325.6
     84        322.6
     84        323.6
     84        322.6
     84        327.6
     84        320.7
     84        321.6
     84        319.6
     84        320.6
     84        324.6
     84        318.6
     84        326.6
     84        322.6
     88        329.0
     88        337.6
     88        341.6
     88        337.5
     88        340.6
     88        331.6
     88        341.5
     88        334.6
     88        341.6
     88        330.6
     88        341.6
     88        337.6
     88        334.6
     88        339.5
     88        336.6
     92        349.9
     92        353.6
     92        351.6
     92        352.6
     92        356.6
     92        338.7
     92        349.7
     92        359.6
     92        351.7
     92        347.6
     92        351.6
     92        361.6
     92        348.6
     92        353.6
     92        349.6
     96        362.5
     96        371.5
     96        372.5
     96        369.5
     96        360.5
     96        371.5
     96        374.5
     96        364.5
     96        373.5
     96        364.5
     96        373.5
     96        370.5
     96        360.5
     96        367.5
     96        373.5
    100        379.9
    100        384.5
    100        381.5
    100        383.4
    100        384.5
    100        391.4
    100        381.4
    100        379.5
    100        383.5
    100        383.4
    100        388.4
    100        376.5
    100        381.4
    100        383.5
    100        382.5
    104        397.4
    104        402.3
    104        398.4
    104        396.4
    104        399.4
    104        401.4
    104        395.4
    104        398.4
    104        399.4
    104        394.4
    104        394.4
    104        399.4
    104        398.4
    104        396.4
    104        396.4
    108        405.8
    108        418.4
    108        411.4
    108        402.4
    108        410.4
    108        417.4
    108        408.4
    108        418.4
    108        411.4
    108        408.4
    108        415.4
    108        421.3
    108        409.4
    108        412.4
    108        412.4
    112        426.8
    112        431.3
    112        428.3
    112        431.3
    112        427.3
    112        425.3
    112        429.3
    112        425.3
    112        421.3
    112        435.3
    112        425.3
    112        430.3
    112        432.3
    112        424.3
    112        430.3
    116        440.7
    116        445.3
    116        447.2
    116        447.3
    116        436.3
    116        441.3
    116        442.3
    116        440.2
    116        447.3
    116        443.3
    116        451.2
    116        440.3
    116        442.2
    116        437.3
    116        454.3
    120        458.1
    120        456.2
    120        462.2
    120        457.2
    120        459.2
    120        453.2
    120        467.1
    120        462.2
    120        452.2
    120        458.2
    120        458.2
    120        460.2
    120        462.2
    120        453.2
    120        458.2
    124        472.1
    124        473.2
    124        468.2
    124        477.2
    124        473.2
    124        477.2
    124        468.2
    124        474.1
    124        467.2
    124        472.2
    124        471.2
    124        463.2
    124        476.1
    124        481.2
    124        478.2
    128        485.6
    128        481.1
    128        494.1
    128        489.1
    128        485.1
    128        490.1
    128        489.1
    128        484.1
    128        494.1
    128        484.1
    128        483.1
    128        492.1
    128        482.1
    128        496.1
    128        482.1
    132        506.0
    132        493.1
    132        504.1
    132        501.1
    132        493.1
    132        503.1
    132        509.1
    132        503.0
    132        501.1
    132        505.0
    132        505.1
    132        509.0
    132        503.1
    132        499.1
    132        506.1
    136        509.5
    136        527.0
    136        515.0
    136        519.1
    136        509.0
    136        520.0
    136        512.0
    136        526.0
    136        521.0
    136        522.0
    136        512.0
    136        523.0
    136        532.0
    136        513.0
    136        512.0
    140        535.4
    140        532.7
    140        523.7
    140        536.7
    140        509.8
    140        530.7
    140        521.8
    140        534.8
    140        529.8
    140        528.8
    140        537.7
    140        530.8
    140        540.8
    140        525.9
    140        532.8
    144        542.8
    144        546.7
    144        539.8
    144        544.7
    144        541.7
    144        541.8
    144        547.7
    144        544.8
    144        548.7
    144        542.7
    144        550.8
    144        545.7
    144        538.7
    144        548.9
    144        546.7
    148        555.7
    148        556.7
    148        562.6
    148        556.7
    148        554.7
    148        556.7
    148        559.6
    148        553.7
    148        557.7
    148        561.6
    148        558.6
    148        553.8
    148        567.6
    148        550.7
    148        555.6
    152        480.3
    152        461.0
    152        499.0
    152        479.0
    152        476.2
    152        533.9
    152        548.9
    152        542.7
    152        548.6
    152        534.6
    152        528.6
    152        543.6
    152        550.6
    152        483.9
    152        497.7
    156        552.7
    156        530.8
    156        541.9
    156        550.8
    156        536.9
    156        546.8
    156        547.9
    156        553.8
    156        543.0
    156        532.8
    156        535.8
    156        536.8
    156        541.2
    156        544.9
    156        556.8
    160        537.4
    160        542.8
    160        550.5
    160        545.8
    160        542.5
    160        495.7
    160        556.7
    160        527.7
    160        543.8
    160        524.7
    160        540.0
    160        521.7
    160        529.0
    160        526.9
    160        536.7
    164        476.6
    164        533.8
    164        552.5
    164        547.9
    164        549.5
    164        513.9
    164        494.8
    164        549.0
    164        533.8
    164        509.0
    164        527.5
    164        484.6
    164        482.1
    164        508.9
    164        498.8
    168        534.3
    168        541.7
    168        521.2
    168        555.3
    168        503.8
    168        520.7
    168        542.4
    168        568.4
    168        537.5
    168        513.0
    168        522.7
    168        533.7
    168        521.5
    168        482.8
    168        492.9
    172        519.3
    172        562.3
    172        513.7
    172        553.9
    172        530.8
    172        450.7
    172        444.9
    172        433.2
    172        526.7
    172        541.7
    172        527.8
    172        487.5
    172        485.0
    172        489.7
    172        479.7
    176        523.8
    176        543.0
    176        541.0
    176        511.9
    176        552.1
    176        533.7
    176        540.4
    176        547.4
    176        517.7
    176        536.4
    176        500.7
    176        533.4
    176        509.6
    176        565.0
    176        529.9
    180        500.9
    180        492.2
    180        484.8
    180        483.8
    180        500.5
    180        530.5
    180        531.8
    180        424.7
    180        448.6
    180        427.7
    180        553.3
    180        537.3
    180        545.6
    180        539.4
    180        505.9
    184        492.8
    184        524.7
    184        532.7
    184        525.7
    184        528.7
    184        551.2
    184        549.3
    184        522.6
    184        522.3
    184        497.3
    184        448.7
    184        437.1
    184        551.1
    184        560.5
    184        589.2
    188        558.3
    188        553.6
    188        570.6
    188        538.4
    188        564.5
    188        541.6
    188        503.3
    188        460.6
    188        444.5
    188        459.4
    188        468.7
    188        455.9
    188        550.2
    188        489.3
    188        507.6
    192        477.6
    192        473.4
    192        498.8
    192        469.5
    192        517.6
    192        459.6
    192        560.5
    192        564.2
    192        553.1
    192        573.3
    192        557.4
    192        588.3
    192        579.1
    192        482.4
    192        463.5
    196        505.7
    196        539.5
    196        523.3
    196        498.3
    196        476.3
    196        459.4
    196        441.9
    196        544.3
    196        538.1
    196        506.6
    196        550.5
    196        516.5
    196        486.5
    196        552.3
    196        517.4
    200        446.2
    200        465.2
    200        450.2
    200        537.5
    200        546.0
    200        525.2
    200        554.3
    200        490.3
    200        447.4
    200        531.1
    200        574.3
    200        560.3
    200        552.9
    200        541.4
    200        491.2
    204        517.0
    204        522.3
    204        445.3
    204        450.4
    204        440.6
    204        426.4
    204        487.3
    204        545.3
    204        432.5
    204        432.0
    204        429.2
    204        520.4
    204        549.5
    204        499.2
    204        448.8
    208        444.3
    208        448.5
    208        462.5
    208        488.6
    208        508.9
    208        461.2
    208        425.7
    208        475.1
    208        446.6
    208        455.3
    208        552.0
    208        567.1
    208        542.2
    208        518.3
    208        455.5
    212        432.7
    212        455.3
    212        439.7
    212        434.5
    212        457.4
    212        466.5
    212        430.4
    212        493.0
    212        456.1
    212        472.0
    212        469.4
    212        473.5
    212        438.5
    212        514.3
    212        508.4
    216        447.1
    216        454.4
    216        483.8
    216        497.0
    216        435.6
    216        458.2
    216        445.6
    216        460.5
    216        446.3
    216        463.4
    216        451.7
    216        478.1
    216        475.2
    216        446.6
    216        428.4
    220        435.4
    220        442.9
    220        442.5
    220        483.0
    220        501.0
    220        437.9
    220        445.2
    220        443.4
    220        454.1
    220        441.3
    220        458.1
    220        593.8
    220        538.2
    220        544.4
    220        556.9
    224        467.3
    224        568.3
    224        498.4
    224        548.4
    224        499.1
    224        430.3
    224        486.3
    224        478.9
    224        490.1
    224        439.4
    224        511.2
    224        454.1
    224        451.4
    224        425.4
    224        471.0
    228        450.9
    228        523.0
    228        468.5
    228        480.0
    228        574.6
    228        580.1
    228        484.8
    228        439.6
    228        477.3
    228        554.0
    228        533.8
    228        431.3
    228        459.0
    228        490.9
    228        508.9
    232        467.0
    232        472.8
    232        447.9
    232        445.2
    232        571.9
    232        557.9
    232        585.4
    232        507.1
    232        462.1
    232        433.5
    232        480.8
    232        447.7
    232        484.8
    232        507.3
    232        578.7
    236        500.6
    236        436.3
    236        432.2
    236        463.8
    236        478.4
    236        555.7
    236        549.8
    236        561.3
    236        502.0
    236        468.8
    236        500.1
    236        560.3
    236        561.8
    236        567.6
    236        534.9
    240        495.3
    240        560.1
    240        471.1
    240        481.5
    240        454.1
    240        505.8
    240        541.1
    240        510.0
    240        477.8
    240        434.3
    240        429.7
    240        487.8
    240        470.9
    240        461.0
    240        452.2
    244        501.3
    244        441.2
    244        454.7
    244        471.7
    244        573.3
    244        481.3
    244        484.6
    244        465.0
    244        446.8
    244        472.0
    244        562.4
    244        457.9
    244        463.9
    244        492.0
    244        459.6
    248        452.4
    248        462.7
    248        515.6
    248        441.9
    248        428.2
    248        454.0
    248        449.4
    248        448.8
    248        473.6
    248        513.3
    248        481.8
    248        547.7
    248        584.4
    248        475.2
    248        442.5
    252        455.7
    252        432.2
    252        413.4
    252        460.8
    252        433.0
    252        422.9
    252        484.0
    252        503.9
    252        456.8
    252        493.9
    252        458.2
    252        452.9
    252        440.6
    252        445.0
    252        447.8
    256        499.1
    256        538.7
    256        470.8
    256        459.7
    256        437.0
    256        454.8
    256        445.9
    256        492.8
    256        488.8
    256        484.5
    256        508.8
    256        462.1
    256        465.9
    256        426.9
    256        462.8
    260        444.7
    260        418.8
    260        436.0
    260        529.5
    260        451.2
    260        457.0
    260        432.7
    260        488.1
    260        457.9
    260        480.0
    260        464.2
    260        427.5
    260        487.7
    260        505.6
    260        552.6
    264        548.0
    264        526.3
    264        451.5
    264        468.2
    264        443.0
    264        503.1
    264        560.3
    264        570.6
    264        567.4
    264        544.9
    264        451.0
    264        471.4
    264        500.5
    264        520.5
    264        447.9
    268        449.9
    268        417.5
    268        437.4
    268        422.9
    268        431.2
    268        472.6
    268        458.6
    268        540.4
    268        455.5
    268        446.7
    268        532.8
    268        493.5
    268        416.8
    268        459.9
    268        497.3
    272        459.6
    272        466.3
    272        425.5
    272        490.7
    272        456.9
    272        486.5
    272        462.9
    272        435.8
    272        460.5
    272        466.1
    272        479.9
    272        467.2
    272        500.9
    272        446.4
    272        449.5
