# nthreads     rate
      4         16.5
      4         16.0
      4         17.0
      4         15.0
      4         17.0
      4         17.0
      4         15.0
      4         15.0
      4         16.0
      4         16.0
      4         16.0
      4         16.0
      4         17.0
      4         14.0
      4         15.0
      8         32.0
      8         32.0
      8         31.0
      8         33.0
      8         30.0
      8         31.0
      8         33.0
      8         29.0
      8         32.0
      8         31.0
      8         32.0
      8         31.0
      8         33.0
      8         30.0
      8         34.0
     12         47.0
     12         48.0
     12         47.0
     12         48.0
     12         48.0
     12         49.0
     12         48.0
     12         46.0
     12         49.0
     12         44.0
     12         49.0
     12         50.0
     12         46.0
     12         49.0
     12         46.0
     16         63.9
     16         62.0
     16         65.0
     16         62.0
     16         64.0
     16         64.0
     16         65.0
     16         63.0
     16         60.0
     16         65.0
     16         61.0
     16         67.0
     16         62.0
     16         63.0
     16         65.0
     20         78.4
     20         80.0
     20         76.0
     20         79.0
     20         80.0
     20         80.0
     20         78.0
     20         78.0
     20         80.0
     20         80.0
     20         78.0
     20         78.0
     20         78.0
     20         80.0
     20         79.0
     24         97.9
     24         95.0
     24         95.0
     24         92.0
     24         96.0
     24         99.0
     24         90.0
     24         97.0
     24         93.0
     24         96.0
     24         98.0
     24         92.0
     24         98.0
     24         95.0
     24         92.0
     28        111.4
     28        112.0
     28        106.0
     28        112.0
     28        114.0
     28        112.0
     28        112.0
     28        111.0
     28        110.0
     28        111.0
     28        110.0
     28        111.0
     28        110.0
     28        111.0
     28        111.0
     32        124.4
     32        131.0
     32        127.0
     32        128.0
     32        124.0
     32        125.0
     32        125.0
     32        129.0
     32        127.0
     32        126.0
     32        127.0
     32        127.0
     32        127.0
     32        126.0
     32        125.0
     36        145.9
     36        139.0
     36        144.0
     36        140.0
     36        142.0
     36        142.0
     36        144.0
     36        142.0
     36        144.0
     36        139.0
     36        143.0
     36        136.0
     36        144.0
     36        144.0
     36        143.0
     40        158.8
     40        156.0
     40        158.0
     40        156.0
     40        159.0
     40        157.0
     40        160.0
     40        156.0
     40        157.0
     40        157.0
     40        162.0
     40        157.0
     40        159.0
     40        157.0
     40        160.0
     44        173.4
     44        176.0
     44        171.0
     44        177.0
     44        170.0
     44        175.0
     44        172.0
     44        174.0
     44        170.0
     44        176.0
     44        172.0
     44        177.0
     44        176.0
     44        171.0
     44        176.0
     48        187.8
     48        190.0
     48        184.0
     48        196.0
     48        185.0
     48        191.0
     48        186.0
     48        193.0
     48        188.0
     48        192.0
     48        194.0
     48        191.0
     48        184.0
     48        191.0
     48        189.0
     52        208.3
     52        206.9
     52        201.0
     52        206.0
     52        209.0
     52        199.9
     52        207.0
     52        204.0
     52        202.0
     52        204.0
     52        203.0
     52        206.0
     52        202.0
     52        208.0
     52        200.0
     56        225.8
     56        214.9
     56        228.9
     56        216.0
     56        218.9
     56        219.9
     56        219.9
     56        222.9
     56        217.9
     56        223.9
     56        218.9
     56        223.9
     56        222.9
     56        224.9
     56        219.9
     60        237.3
     60        242.9
     60        229.9
     60        237.9
     60        228.9
     60        238.9
     60        234.0
     60        230.9
     60        242.9
     60        239.9
     60        239.9
     60        235.9
     60        233.9
     60        237.9
     60        233.9
     64        255.3
     64        247.0
     64        250.0
     64        255.0
     64        250.0
     64        258.0
     64        254.0
     64        254.0
     64        253.0
     64        250.0
     64        256.0
     64        258.0
     64        250.0
     64        252.9
     64        254.0
     68        266.8
     68        272.0
     68        269.0
     68        268.0
     68        271.9
     68        271.9
     68        268.9
     68        264.0
     68        272.9
     68        272.9
     68        270.9
     68        265.0
     68        266.0
     68        265.9
     68        270.0
     72        283.2
     72        282.8
     72        288.8
     72        278.8
     72        286.8
     72        275.8
     72        285.8
     72        286.8
     72        280.8
     72        281.8
     72        288.8
     72        275.8
     72        278.8
     72        288.9
     72        283.9
     76        299.1
     76        295.9
     76        303.9
     76        299.9
     76        294.9
     76        295.9
     76        299.9
     76        304.9
     76        297.9
     76        298.9
     76        297.9
     76        296.9
     76        302.9
     76        298.9
     76        296.9
     80        316.7
     80        314.9
     80        315.9
     80        318.9
     80        319.9
     80        312.9
     80        315.9
     80        316.9
     80        309.9
     80        317.9
     80        318.9
     80        313.9
     80        322.9
     80        312.9
     80        317.9
     84        330.7
     84        329.9
     84        330.9
     84        331.9
     84        327.9
     84        319.9
     84        330.9
     84        328.9
     84        324.9
     84        331.9
     84        335.9
     84        333.9
     84        325.9
     84        328.9
     84        332.9
     88        344.7
     88        355.9
     88        342.9
     88        343.9
     88        347.9
     88        338.9
     88        350.9
     88        343.9
     88        359.9
     88        337.9
     88        345.9
     88        346.9
     88        342.9
     88        353.9
     88        344.9
     92        361.1
     92        357.9
     92        364.9
     92        362.9
     92        351.9
     92        363.9
     92        357.9
     92        362.9
     92        366.9
     92        359.9
     92        362.9
     92        362.9
     92        359.9
     92        368.9
     92        355.9
     96        378.2
     96        371.9
     96        379.9
     96        381.9
     96        378.9
     96        374.9
     96        375.9
     96        374.9
     96        374.9
     96        379.9
     96        374.9
     96        378.9
     96        377.9
     96        378.9
     96        376.9
    100        389.5
    100        400.9
    100        386.9
    100        389.9
    100        397.9
    100        380.9
    100        392.9
    100        394.9
    100        387.9
    100        388.9
    100        398.9
    100        387.9
    100        395.9
    100        388.9
    100        393.9
    104        406.6
    104        405.9
    104        406.9
    104        399.9
    104        406.9
    104        399.9
    104        405.9
    104        407.9
    104        406.9
    104        409.9
    104        406.9
    104        412.9
    104        402.9
    104        407.9
    104        405.9
    108        422.0
    108        418.9
    108        423.9
    108        427.9
    108        423.9
    108        423.9
    108        414.9
    108        426.9
    108        419.9
    108        419.9
    108        439.9
    108        419.9
    108        411.9
    108        424.9
    108        415.9
    112        438.1
    112        444.9
    112        431.9
    112        438.9
    112        431.9
    112        442.9
    112        437.9
    112        432.9
    112        443.9
    112        436.9
    112        433.9
    112        432.9
    112        438.9
    112        441.9
    112        432.9
    116        452.0
    116        456.9
    116        459.9
    116        448.9
    116        449.9
    116        457.9
    116        451.9
    116        456.9
    116        448.9
    116        453.9
    116        453.9
    116        457.9
    116        453.9
    116        453.9
    116        452.9
    120        472.6
    120        467.9
    120        470.9
    120        467.9
    120        470.9
    120        469.9
    120        471.9
    120        468.9
    120        467.9
    120        469.9
    120        471.9
    120        465.9
    120        462.9
    120        470.9
    120        476.9
    124        480.5
    124        484.9
    124        488.9
    124        487.9
    124        483.9
    124        475.9
    124        476.9
    124        492.9
    124        485.9
    124        478.9
    124        479.9
    124        492.9
    124        485.9
    124        481.9
    124        487.9
    128        501.5
    128        500.9
    128        503.9
    128        497.9
    128        507.9
    128        498.9
    128        506.9
    128        500.9
    128        499.9
    128        493.9
    128        505.9
    128        492.9
    128        503.9
    128        494.9
    128        500.9
    132        518.0
    132        521.9
    132        519.9
    132        517.9
    132        520.9
    132        511.9
    132        520.9
    132        508.9
    132        519.9
    132        508.9
    132        521.9
    132        508.9
    132        510.9
    132        516.9
    132        516.9
    136        533.4
    136        530.9
    136        516.9
    136        527.9
    136        523.9
    136        529.9
    136        519.9
    136        519.9
    136        527.9
    136        528.9
    136        526.9
    136        522.9
    136        526.9
    136        526.9
    136        533.9
    140        531.9
    140        521.8
    140        512.9
    140        493.9
    140        536.8
    140        526.9
    140        520.9
    140        525.9
    140        530.9
    140        530.9
    140        537.9
    140        519.9
    140        529.9
    140        543.9
    140        516.9
    144        505.4
    144        516.8
    144        513.9
    144        528.9
    144        516.9
    144        519.9
    144        537.9
    144        523.9
    144        497.9
    144        540.9
    144        518.9
    144        514.9
    144        527.9
    144        525.9
    144        507.9
    148        503.4
    148        514.9
    148        519.9
    148        539.9
    148        527.9
    148        507.9
    148        526.9
    148        524.9
    148        523.9
    148        507.9
    148        552.8
    148        526.9
    148        520.9
    148        520.9
    148        522.9
    152        521.0
    152        527.9
    152        503.9
    152        492.9
    152        531.9
    152        534.9
    152        513.9
    152        525.9
    152        519.9
    152        519.9
    152        519.9
    152        516.8
    152        522.9
    152        519.9
    152        519.9
    156        525.9
    156        506.9
    156        519.9
    156        519.9
    156        516.9
    156        514.9
    156        518.9
    156        541.9
    156        506.9
    156        531.9
    156        516.9
    156        511.9
    156        518.9
    156        519.9
    156        525.9
    160        514.5
    160        518.9
    160        511.9
    160        527.9
    160        522.9
    160        519.9
    160        482.9
    160        489.9
    160        508.9
    160        519.9
    160        515.9
    160        523.9
    160        515.9
    160        509.9
    160        493.9
    164        526.7
    164        511.9
    164        512.9
    164        489.9
    164        514.9
    164        514.9
    164        502.9
    164        503.9
    164        483.9
    164        508.9
    164        519.9
    164        509.9
    164        489.9
    164        509.9
    164        497.9
    168        508.9
    168        492.9
    168        509.9
    168        474.9
    168        505.9
    168        494.9
    168        516.9
    168        496.9
    168        519.9
    168        488.9
    168        510.9
    168        493.9
    168        505.9
    168        511.9
    168        489.9
    172        493.9
    172        520.9
    172        487.9
    172        479.9
    172        508.9
    172        503.9
    172        495.9
    172        501.9
    172        511.9
    172        513.9
    172        513.9
    172        502.9
    172        482.9
    172        502.9
    172        516.9
    176        488.4
    176        473.9
    176        509.9
    176        489.9
    176        490.9
    176        520.9
    176        498.9
    176        494.9
    176        497.9
    176        499.9
    176        506.9
    176        508.9
    176        496.9
    176        510.9
    176        482.9
    180        473.4
    180        505.9
    180        504.9
    180        482.9
    180        492.9
    180        479.9
    180        482.9
    180        481.9
    180        499.9
    180        499.9
    180        471.9
    180        495.9
    180        476.9
    180        479.9
    180        493.9
    184        486.4
    184        492.9
    184        493.9
    184        476.9
    184        482.9
    184        498.9
    184        490.9
    184        489.9
    184        515.9
    184        463.9
    184        488.9
    184        478.9
    184        477.9
    184        493.9
    184        492.9
    188        487.4
    188        482.9
    188        482.9
    188        473.9
    188        450.9
    188        479.9
    188        479.9
    188        473.9
    188        479.9
    188        485.9
    188        485.9
    188        485.9
    188        485.9
    188        486.9
    188        496.9
    192        477.5
    192        461.9
    192        488.9
    192        450.9
    192        483.9
    192        468.9
    192        486.9
    192        456.9
    192        462.9
    192        479.9
    192        502.9
    192        483.9
    192        468.9
    192        467.9
    192        486.9
    196        474.0
    196        479.9
    196        479.9
    196        474.9
    196        454.9
    196        477.9
    196        471.9
    196        467.9
    196        451.9
    196        476.9
    196        459.9
    196        487.9
    196        464.9
    196        474.9
    196        484.9
    200        468.0
    200        476.9
    200        479.9
    200        483.9
    200        476.9
    200        479.9
    200        442.9
    200        451.9
    200        453.9
    200        465.9
    200        479.9
    200        474.9
    200        473.9
    200        483.9
    200        459.9
    204        472.9
    204        465.9
    204        453.9
    204        465.8
    204        462.9
    204        456.9
    204        458.9
    204        474.9
    204        462.9
    204        456.9
    204        463.9
    204        455.9
    204        478.9
    204        449.9
    204        470.9
    208        459.4
    208        450.9
    208        468.9
    208        453.9
    208        465.9
    208        470.9
    208        442.9
    208        452.9
    208        465.9
    208        461.9
    208        464.9
    208        442.9
    208        442.9
    208        466.9
    208        465.9
    212        469.7
    212        463.9
    212        455.9
    212        446.9
    212        472.9
    212        479.9
    212        455.9
    212        468.9
    212        434.9
    212        467.9
    212        460.9
    212        465.9
    212        444.9
    212        466.9
    212        431.9
    216        449.8
    216        451.9
    216        452.9
    216        448.9
    216        421.9
    216        464.9
    216        439.9
    216        439.9
    216        468.9
    216        450.9
    216        454.9
    216        453.9
    216        450.9
    216        447.9
    216        471.9
    220        454.1
    220        449.9
    220        432.9
    220        446.9
    220        460.9
    220        448.9
    220        421.9
    220        464.9
    220        450.9
    220        447.9
    220        458.9
    220        454.9
    220        451.9
    220        459.9
    220        454.9
    224        438.9
    224        429.9
    224        404.9
    224        438.9
    224        447.9
    224        421.9
    224        412.9
    224        426.9
    224        439.9
    224        418.9
    224        463.9
    224        436.9
    224        439.9
    224        439.9
    224        457.9
    228        422.0
    228        442.9
    228        413.9
    228        430.9
    228        421.9
    228        426.9
    228        448.9
    228        451.9
    228        418.9
    228        439.9
    228        425.9
    228        443.9
    228        441.9
    228        437.9
    228        420.9
    232        434.0
    232        410.9
    232        464.8
    232        430.9
    232        441.9
    232        421.9
    232        414.9
    232        445.9
    232        422.9
    232        425.9
    232        437.9
    232        408.9
    232        440.9
    232        429.9
    232        417.9
    236        422.9
    236        443.9
    236        411.9
    236        414.9
    236        411.9
    236        444.9
    236        436.9
    236        410.9
    236        412.9
    236        443.9
    236        424.9
    236        437.9
    236        439.9
    236        434.9
    236        419.9
    240        420.5
    240        421.9
    240        410.9
    240        427.9
    240        401.9
    240        425.9
    240        433.9
    240        449.9
    240        412.9
    240        435.9
    240        400.9
    240        426.9
    240        421.9
    240        420.9
    240        409.9
    244        429.6
    244        393.9
    244        396.9
    244        423.9
    244        408.9
    244        400.9
    244        433.9
    244        399.9
    244        399.9
    244        399.9
    244        403.9
    244        430.9
    244        396.9
    244        410.9
    244        432.9
    248        412.9
    248        409.9
    248        406.9
    248        403.8
    248        395.9
    248        402.9
    248        412.9
    248        410.9
    248        412.9
    248        399.9
    248        399.9
    248        411.9
    248        415.9
    248        411.9
    248        406.9
    252        415.9
    252        399.9
    252        401.9
    252        410.9
    252        407.9
    252        418.9
    252        399.9
    252        408.9
    252        430.9
    252        399.9
    252        415.9
    252        403.9
    252        400.9
    252        418.9
    252        415.9
    256        390.4
    256        398.9
    256        397.9
    256        420.9
    256        415.9
    256        407.9
    256        399.9
    256        399.9
    256        390.9
    256        408.9
    256        384.9
    256        404.9
    256        408.9
    256        385.9
    256        413.8
    260        403.3
    260        392.9
    260        399.9
    260        399.9
    260        381.9
    260        390.9
    260        386.9
    260        394.9
    260        394.9
    260        388.9
    260        380.9
    260        399.9
    260        379.9
    260        412.9
    260        406.9
    264        381.4
    264        372.9
    264        382.9
    264        377.9
    264        399.9
    264        381.9
    264        399.9
    264        399.9
    264        375.9
    264        387.9
    264        400.9
    264        394.9
    264        385.9
    264        378.9
    264        403.8
    268        392.9
    268        363.9
    268        399.9
    268        397.9
    268        361.9
    268        382.9
    268        391.9
    268        384.9
    268        399.9
    268        373.9
    268        385.9
    268        375.9
    268        383.9
    268        379.9
    268        390.9
    272        387.8
    272        379.9
    272        380.9
    272        370.9
    272        382.9
    272        380.9
    272        395.9
    272        394.9
    272        388.9
    272        415.8
    272        363.9
    272        382.9
    272        379.9
    272        392.9
    272        376.9
