# nthreads     rate
      4         47.3
      4          2.0
      4          2.0
      4          2.0
      4          2.0
      4          2.0
      4          2.0
      4          1.0
      4          3.0
      4          2.0
      4          2.0
      4          2.0
      4          3.0
      4          1.0
      4          3.0
     12          5.0
     12          3.0
     12         10.0
     12          4.0
     12          9.0
     12          3.0
     12          8.0
     12          6.0
     12          6.0
     12          6.0
     12          6.0
     12          7.0
     12          5.0
     12          7.0
     12          6.0
     20         10.0
     20          7.0
     20         13.0
     20          6.0
     20         15.0
     20          8.0
     20         13.0
     20          8.0
     20         13.0
     20          7.0
     20         13.0
     20          8.0
     20         13.0
     20          9.0
     20         11.0
     28         12.5
     28         14.0
     28         17.0
     28         11.0
     28         20.0
     28         11.0
     28         17.0
     28         14.0
     28         14.0
     28         17.0
     28         12.0
     28         17.0
     28         13.0
     28         16.0
     28         15.0
     36         17.0
     36         18.0
     36         20.0
     36         18.0
     36         17.0
     36         19.0
     36         18.0
     36         20.0
     36         18.0
     36         21.0
     36         15.0
     36         21.0
     36         19.0
     36         19.0
     36         15.0
     44         20.0
     44         28.9
     44         20.0
     44         27.9
     44         22.0
     44         23.0
     44         21.0
     44         26.0
     44         24.0
     44         20.0
     44         25.0
     44         18.0
     44         24.0
     44         22.0
     44         26.9
     52         23.9
     52         21.0
     52         32.9
     52         22.0
     52         30.9
     52         21.0
     52         32.9
     52         25.0
     52         27.9
     52         25.9
     52         26.9
     52         25.0
     52         29.9
     52         24.0
     52         32.9
     60         26.9
     60         31.9
     60         33.9
     60         29.9
     60         27.9
     60         33.9
     60         33.9
     60         31.9
     60         27.9
     60         35.9
     60         25.0
     60         33.9
     60         31.9
     60         28.9
     60         35.9
     68         31.9
     68         36.9
     68         35.9
     68         35.9
     68         31.9
     68         37.9
     68         36.9
     68         29.9
     68         44.9
     68         28.9
     68         41.9
     68         30.9
     68         37.9
     68         35.9
     68         35.9
     76         34.9
     76         42.9
     76         33.9
     76         41.9
     76         30.9
     76         40.9
     76         35.9
     76         38.9
     76         44.9
     76         28.9
     76         43.9
     76         36.9
     76         35.9
     76         42.9
     76         33.9
     84         38.9
     84         45.9
     84         36.9
     84         42.9
     84         40.9
     84         39.9
     84         44.9
     84         39.9
     84         41.9
     84         40.9
     84         41.9
     84         38.9
     84         39.9
     84         37.9
     84         41.9
     92         35.9
     92         57.9
     92         33.9
     92         47.9
     92         40.9
     92         45.9
     92         42.9
     92         40.9
     92         47.9
     92         40.9
     92         42.9
     92         47.9
     92         40.9
     92         53.9
     92         31.9
    100         42.9
    100         53.9
    100         38.9
    100         48.9
    100         41.9
    100         49.9
    100         39.9
    100         52.9
    100         38.9
    100         50.9
    100         43.9
    100         46.9
    100         46.9
    100         43.9
    100         41.9
    108         47.3
    108         52.9
    108         45.9
    108         47.9
    108         51.9
    108         44.9
    108         53.9
    108         37.9
    108         56.9
    108         49.9
    108         49.9
    108         46.9
    108         49.9
    108         50.9
    108         46.9
    116         50.3
    116         52.9
    116         50.9
    116         47.9
    116         52.9
    116         46.9
    116         55.9
    116         54.9
    116         48.9
    116         52.9
    116         44.9
    116         57.9
    116         45.9
    116         55.9
    116         51.9
    124         49.3
    124         56.9
    124         52.9
    124         56.9
    124         49.9
    124         60.9
    124         47.9
    124         40.9
    124         71.8
    124         37.9
    124         72.8
    124         35.9
    124         66.8
    124         50.9
    124         51.9
    132         53.8
    132         65.8
    132         45.9
    132         59.9
    132         52.9
    132         61.8
    132         55.9
    132         56.9
    132         55.9
    132         51.9
    132         58.9
    132         54.9
    132         60.8
    132         55.9
    132         57.9
    140         53.8
    140         67.8
    140         49.9
    140         58.8
    140         62.8
    140         55.8
    140         58.8
    140         59.8
    140         53.8
    140         65.8
    140         51.8
    140         59.8
    140         49.8
    140         68.8
    140         53.8
    148         55.3
    148         62.8
    148         66.8
    148         49.9
    148         57.8
    148         66.8
    148         56.8
    148         63.8
    148         51.8
    148         59.8
    148         58.8
    148         60.8
    148         63.8
    148         56.8
    148         60.8
    156         54.8
    156         63.8
    156         60.8
    156         57.8
    156         60.8
    156         68.8
    156         48.9
    156         61.8
    156         60.8
    156         59.8
    156         58.8
    156         62.8
    156         57.8
    156         60.8
    156         57.8
    164         55.8
    164         61.8
    164         66.8
    164         53.8
    164         64.8
    164         57.8
    164         62.8
    164         48.9
    164         75.8
    164         51.9
    164         61.8
    164         65.8
    164         58.8
    164         57.8
    164         58.8
    172         60.3
    172         57.8
    172         74.8
    172         52.8
    172         60.8
    172         65.8
    172         65.8
    172         48.8
    172         70.8
    172         63.8
    172         56.8
    172         59.8
    172         67.8
    172         57.8
    172         63.8
    180         57.7
    180         55.8
    180         76.8
    180         51.8
    180         58.8
    180         69.8
    180         64.8
    180         61.8
    180         60.8
    180         58.8
    180         64.8
    180         62.8
    180         59.8
    180         63.8
    180         63.8
    188         62.2
    188         58.8
    188         59.8
    188         67.8
    188         64.8
    188         66.8
    188         60.8
    188         49.8
    188         78.7
    188         55.8
    188         58.8
    188         68.8
    188         61.8
    188         57.8
    188         70.8
    196         56.3
    196         66.8
    196         71.8
    196         58.8
    196         62.8
    196         69.8
    196         65.8
    196         54.8
    196         77.7
    196         59.8
    196         53.8
    196         74.7
    196         62.8
    196         63.8
    196         69.8
    204         59.8
    204         66.8
    204         67.8
    204         59.8
    204         64.8
    204         79.7
    204         49.8
    204         62.8
    204         78.7
    204         53.8
    204         69.8
    204         73.7
    204         57.8
    204         64.8
    204         71.8
    212         60.3
    212         71.8
    212         62.8
    212         63.8
    212         74.8
    212         60.8
    212         72.8
    212         65.8
    212         58.8
    212         67.8
    212         74.8
    212         56.8
    212         63.8
    212         85.7
    212         49.9
    220         68.7
    220         53.8
    220         73.8
    220         75.8
    220         54.8
    220         72.8
    220         83.8
    220         50.8
    220         62.8
    220         81.8
    220         57.8
    220         63.8
    220         74.8
    220         73.8
    220         55.8
    228         68.3
    228         66.8
    228         76.7
    228         57.8
    228         58.8
    228         79.7
    228         57.8
    228         63.8
    228         64.8
    228         67.8
    228         69.8
    228         70.7
    228         60.8
    228         63.8
    228         63.8
    236         60.3
    236         66.8
    236         67.8
    236         61.8
    236         68.7
    236         64.8
    236         72.7
    236         56.8
    236         71.7
    236         65.8
    236         61.8
    236         57.8
    236         68.8
    236         62.8
    236         70.8
    244         63.3
    244         63.8
    244         63.8
    244         67.8
    244         63.8
    244         65.8
    244         71.8
    244         66.8
    244         64.8
    244         64.8
    244         57.8
    244         76.8
    244         69.8
    244         59.8
    244         72.8
    252         65.8
    252         61.8
    252         62.8
    252         68.8
    252         70.8
    252         72.8
    252         65.8
    252         57.8
    252         67.8
    252         76.8
    252         63.8
    252         60.8
    252         61.8
    252         72.8
    252         61.8
    260         67.3
    260         55.8
    260         70.8
    260         58.8
    260         78.7
    260         57.8
    260         72.8
    260         60.8
    260         64.8
    260         77.8
    260         73.8
    260         67.8
    260         69.8
    260         55.8
    260         63.8
    268         64.3
    268         67.8
    268         55.8
    268         78.8
    268         75.8
    268         57.8
    268         80.7
    268         53.8
    268         71.8
    268         71.8
    268         58.8
    268         70.8
    268         60.8
    268         68.8
    268         59.8
